$ 1 0.000005 382.76258214399064 50 5 43 5e-11
w 176 176 176 32 0
w 176 208 128 208 0
r 128 208 128 112 0 10000
r 128 208 128 288 0 10000
g 128 288 128 304 0 0
t 304 128 352 128 0 1 -4.15981051735947 0.2921023534314733 80 spice-default
t 304 240 352 240 0 -1 3.63996908452082 -0.811341604534682 100 spice-default
w 352 304 304 304 0
w 304 64 352 64 0
w 352 144 352 192 0
w 352 192 352 224 0
w 400 304 352 304 0
w 352 64 400 64 0
w 352 256 352 304 0
w 352 112 352 64 0
r 304 240 304 304 0 4700
r 304 128 304 64 0 4700
w 400 304 448 304 0
r 448 304 448 192 0 1200
r 448 192 448 64 0 560
w 448 64 400 64 0
w 176 32 480 32 0
w 480 32 480 192 0
w 480 192 448 192 0
g 352 304 352 336 0 0
409 176 192 256 192 1 0.6 0 0.023100000000000002 2
g 208 224 208 256 0 0
p 400 304 400 192 1 0 0
p 400 64 400 192 1 0 0
w 352 192 400 192 0
w 400 192 448 192 0
d 304 128 304 192 2 1N4004
d 304 192 304 240 2 1N4004
w 256 192 304 192 0
c 80 128 80 288 0 0.00047 8.903911753454883 0.001
g 80 288 80 304 0 0
w 80 112 128 112 0
r 80 128 80 112 0 0.1
a -96 96 -16 96 9 15 -15 1000000 4.498538141365089 4.498628112127917 100000
r -96 112 -160 112 0 1000
r -96 144 -16 144 0 1000
w -16 144 -16 96 0
w -96 112 -96 144 0
g -160 112 -176 112 0 0
r -96 80 -160 80 0 1000
r -160 48 -96 48 0 1000
w -96 48 -96 80 0
R -160 80 -192 80 0 0 40 9 0 0 0.5
R -160 48 -192 48 0 6 40 0.5 0 0 0.5
w 128 96 128 112 0
w 128 96 304 64 0
w 128 96 208 160 0
r -16 96 128 96 0 10
c 32 144 32 288 0 0.000001 8.903216738434713 0.001
g 32 288 32 304 0 0
r 32 144 32 112 0 0.001
w 32 112 80 112 0
o 27 16 0 4099 10 0.1 0 1
o 28 16 0 4099 5 0.1 1 1
o 34 16 0 4099 10 0.2 2 2 34 3
