$ 1 0.000002834467120181406 382.76258214399064 50 5 43 5e-11
a 368 416 288 416 8 15 -15 1000000 7.931664259504368e-7 0 100000
a 272 208 352 208 8 15 -15 1000000 -7.931505629391762e-7 0 100000
r 272 192 192 192 0 10000
r 272 128 352 128 0 10000
w 352 128 352 208 0
w 272 128 272 192 0
g 272 224 272 272 0 0
w 880 128 880 208 0
w 800 128 800 192 0
r 880 128 800 128 0 15000
g 800 224 800 272 0 0
w 752 192 800 192 0
c 752 192 752 240 0 4.700000000000001e-9 -5.869569562991349e-7 0.001
c 672 192 672 240 0 4.700000000000001e-9 -0.039127911564234674 0.001
a 800 208 880 208 8 15 -15 1000000 -5.869569562991349e-7 0 100000
r 288 352 368 352 0 10000
w 368 352 368 400 0
w 288 352 288 416 0
r 368 400 528 400 0 7400
g 368 432 368 480 0 0
r 192 304 192 416 0 10000
r 960 208 1072 208 0 10000
g 1072 208 1072 240 0 0
R 144 192 112 192 0 6 440 2.9 0 0 0.159154943092
w 192 416 288 416 0
w 880 208 928 208 0
171 512 192 576 192 0 0.002 10000 16 0
g 576 208 576 272 0 0
r 672 192 752 192 0 10000
r 624 192 672 192 0 10000
g 672 240 672 272 0 0
g 752 240 752 272 0 0
w 928 208 960 208 0
s 528 400 592 400 0 0 false
211 960 208 960 128 0 5 44100 1
s 144 192 192 192 0 1 false
w 192 304 272 192 0
r 432 96 432 192 0 100000
r 432 192 432 256 0 100000
g 432 256 432 272 0 0
w 352 208 384 208 0
R 432 96 432 48 0 0 40 9 0 0 0.5
c 384 192 432 192 0 2.2e-7 -2.2164714891828803 0.001
w 384 192 384 208 0
g 512 208 512 272 0 0
34 zener-8.4 1 1.7143528192810002e-7 0 2.0000000000000084 8.4 1
z 480 192 480 96 2 zener-8.4
w 480 192 432 192 0
z 480 256 480 192 2 zener-8.4
g 480 256 480 272 0 0
w 432 96 480 96 0
w 592 400 880 400 0
w 880 400 880 208 0
c 576 192 624 192 0 2.2e-7 3.8352268880606153 0.001
w 512 192 480 192 0
o 21 16 0 4106 5 0.00078125 0 2 21 3
38 23 F1 0 0 10 -1 Voltage
38 18 F1 0 5000 11000 -1 Resistance
