$ 1 0.000009999999999999999 37.11724081536377 32 5 43 5e-11
174 -16 496 48 496 1 500000 0.005 Resistance
c 144 464 224 464 0 0.000001 3.0441884488067754 0.001
w 224 464 224 512 0
r -64 496 -64 560 0 10000
r -64 560 160 560 0 10000
w 160 560 224 560 0
w 224 560 224 512 0
w -144 512 -144 560 0
w -144 560 -64 560 0
r -16 496 -64 496 0 10000
w 16 464 16 480 0
w 48 496 144 496 0
w 144 464 144 496 0
w 16 464 48 464 0
w 48 464 48 496 0
d 352 592 352 512 2 1N4148
d 384 512 384 592 2 1N4148
r 416 512 416 592 0 10000
w 352 592 384 592 0
w 384 592 416 592 0
w 352 512 384 512 0
w 384 512 416 512 0
g 384 592 384 624 0 0
r 304 512 352 512 0 100000
w 144 496 160 496 0
w -144 512 -128 512 0
a 160 512 224 512 8 9 -9 1000000 0.00003044158007226703 0 100000
a -128 496 -64 496 8 9 -9 1000000 0 2.9780698953814166 100000
g -128 480 -160 480 0 0
g 160 528 128 528 0 0
w 224 512 304 512 0
a 480 528 560 528 9 15 -15 1000000 -0.2677096567446006 -0.26771233384116805 100000
w 416 512 480 512 0
w 480 544 480 592 0
w 480 592 560 592 0
w 560 592 560 528 0
w 560 528 608 528 0
r 608 528 608 576 0 1000
g 608 576 608 608 0 0
o 32 64 0 4107 0.625 0.00009765625 0 2 32 3
