$ 1 0.000049999999999999996 382.76258214399064 32 5 43 5e-11
174 -64 512 0 512 1 500000 0.36140000000000005 Frequency
c 96 480 176 480 0 0.000001 8.57197365422197 0.001
w 176 480 176 528 0
r -112 512 -112 576 0 10000
r -112 576 112 576 0 10000
w 112 576 176 576 0
w 176 576 176 528 0
w -192 528 -192 576 0
w -192 576 -112 576 0
r -64 512 -112 512 0 10000
w -32 480 -32 496 0
w 0 512 96 512 0
w 96 480 96 512 0
w -32 480 0 480 0
w 0 480 0 512 0
d 304 608 304 528 2 1N4148
d 336 528 336 608 2 1N4148
r 368 528 368 608 0 10000
w 304 608 336 608 0
w 336 608 368 608 0
w 304 528 336 528 0
w 336 528 368 528 0
g 336 608 336 640 0 0
r 256 528 304 528 0 100000
w 96 512 112 512 0
w -192 528 -176 528 0
a 112 528 176 528 8 9 -9 1000000 0.00008571887935342618 0 100000
a -176 512 -112 512 8 9 -9 1000000 0 -8.786383282335425 100000
g -176 496 -208 496 0 0
g 112 544 80 544 0 0
w 176 528 256 528 0
a 480 528 560 528 9 15 -15 1000000 -0.4456219445827353 -0.4456719896442091 100000
w 368 528 432 528 0
w 560 592 560 528 0
w 560 528 608 528 0
r 608 528 608 576 0 15000
r 480 640 560 640 0 48500.03
w 480 544 480 592 0
r 480 640 480 672 0 4700
g 480 672 480 688 0 0
402 464 864 576 864 1 0\s0\s40\s-9\s0\s0\s0.5 0\s0\s40\s9\s0\s0\s0.5 0\s1\s-7.727779985845851\s0.5529626629857125\s100\sdefault 0\s1\s-0.5529626629857125\s0.5527078344651812\s100\sdefault 0\s1\s0\s0.5527078344651812\s100\sdefault 0\s1\s-7.565128948035064\s0.5338951760420362\s100\sdefault 0\s1\s-7.559924879016652\s0.5356298666988377\s100\sdefault 0\s-1\s0.533890108830712\s-0.5336352837954426\s100\sdefault 0\s-1\s0\s-0.5336352837954426\s100\sdefault 0\s-1\s15.86495934214092\s-0.533890108830712\s100\sdefault 0\s-1\s0.5356247991921768\s-0.5353699717955891\s100\sdefault 0\s-1\s0\s-0.5353699717955891\s100\sdefault 0\s-1\s7.929010650507687\s-0.5356247991921768\s100\sdefault 0\s1\s0\s0.5336302189967128\s100\sdefault 0\s1\s-0.5338850462362119\s0.5336302189967128\s100\sdefault 0\s1\s-7.932479313271623\s0.5338850462362119\s100\sdefault 0\s1\s0\s0.5726524996517\s100\sdefault 0\s1\s0\s0.5709178089948985\s100\sdefault
r 416 832 416 864 0 950
r 416 864 416 896 0 1050
w 416 832 464 832 0
w 416 896 464 896 0
w 464 864 448 864 0
r 448 864 448 784 0 10000
R 448 784 448 752 0 0 40 9 0 0 0.5
g 416 864 384 864 0 0
w 608 576 608 784 0
w 608 784 560 784 0
w 560 784 560 832 0
r 416 896 288 896 0 10000
r 288 976 576 976 0 10000
w 576 976 576 864 0
w 288 896 288 976 0
R 144 896 112 896 0 1 50 1 0 0 0.5
a 640 880 720 880 8 15 -15 1000000 -0.000005421495452959547 0 100000
g 640 896 640 912 0 0
r 640 816 720 816 0 24000
w 720 816 720 880 0
w 640 816 640 864 0
w 640 864 576 864 0
r 720 880 768 880 0 1000
g 768 880 768 912 0 0
34 zener-4.7 1 1.7143528192810002e-7 0 2.0000000000000084 4.7 1
z 480 592 528 592 2 zener-4.7
z 560 592 528 592 2 zener-4.7
w 480 640 480 592 0
w 560 592 560 640 0
S 480 512 432 512 0 0 false 0 2
R 368 496 336 496 0 1 9 0.5 1 0 0.5
c 368 496 432 496 0 0.000001 0.9820854406260466 0.001
r 432 496 432 448 0 470000
g 432 448 432 416 0 0
c 144 896 208 896 0 0.000001 0.4309001598875276 0.001
r 208 896 208 976 0 10000
g 208 976 208 1008 0 0
w 208 896 288 896 0
o 63 128 0 12291 1.605417598066345 0.001605417598066345 0 2 63 3
o 75 128 0 4099 2.5 0.0001953125 1 2 75 3
38 36 F1 0 1 50000 -1 Depth
38 42 F1 0 950 1050 -1 Resistance
