$ 1 0.00009999999999999999 382.76258214399064 32 5 43 5e-11
174 -64 512 0 512 1 500000 0.19310000000000002 Frequency
c 96 480 176 480 0 0.000001 8.136731914695597 0.001
w 176 480 176 528 0
r -112 512 -112 576 0 10000
r -112 576 112 576 0 10000
w 112 576 176 576 0
w 176 576 176 528 0
w -192 528 -192 576 0
w -192 576 -112 576 0
r -64 512 -112 512 0 10000
w -32 480 -32 496 0
w 0 512 96 512 0
w 96 480 96 512 0
w -32 480 0 480 0
w 0 480 0 512 0
d 304 608 304 528 2 1N4148
d 336 528 336 608 2 1N4148
r 368 528 368 608 0 10000
w 304 608 336 608 0
w 336 608 368 608 0
w 304 528 336 528 0
w 336 528 368 528 0
g 336 608 336 640 0 0
r 256 528 304 528 0 100000
w 96 512 112 512 0
w -192 528 -176 528 0
a 112 528 176 528 8 9 -9 1000000 0.00008136650548190115 0 100000
a -176 512 -112 512 8 9 -9 1000000 0 0.4316963062202529 100000
g -176 496 -208 496 0 0
g 112 544 80 544 0 0
w 176 528 256 528 0
a 480 528 560 528 9 15 -15 1000000 -0.008834882903120385 -0.008835536502276753 100000
w 368 528 432 528 0
w 560 592 560 528 0
w 560 528 608 528 0
r 608 528 608 576 0 12700
r 480 640 560 640 0 31500.37
w 480 544 480 592 0
r 480 640 480 672 0 4700
g 480 672 480 688 0 0
402 464 864 576 864 1 0\s0\s40\s-9\s0\s0\s0.5 0\s0\s40\s9\s0\s0\s0.5 0\s1\s-7.608487637146906\s0.582847601212281\s100\sdefault 0\s1\s-0.582847601212281\s0.5825927719159392\s100\sdefault 0\s1\s0\s0.5825927719159392\s100\sdefault 0\s1\s-7.540867243068657\s0.5618232380970252\s100\sdefault 0\s1\s-7.524677695023177\s0.5672197545848459\s100\sdefault 0\s-1\s0.5618181683239811\s-0.5615633402352103\s100\sdefault 0\s-1\s0\s-0.5615633402352103\s100\sdefault 0\s-1\s15.753247120067847\s-0.5618181683239811\s100\sdefault 0\s-1\s0.5672146845515744\s-0.5669598555652762\s100\sdefault 0\s-1\s0\s-0.5669598555652762\s100\sdefault 0\s-1\s7.86583205877279\s-0.5672146845515744\s100\sdefault 0\s1\s0\s0.5615582712703695\s100\sdefault 0\s1\s-0.561813100102591\s0.5615582712703695\s100\sdefault 0\s1\s-7.876622029737399\s0.561813100102591\s100\sdefault 0\s1\s0\s0.574452883704571\s100\sdefault 0\s1\s0\s0.5690563672167505\s100\sdefault
r 416 832 416 864 0 950
r 416 864 416 896 0 1050
w 416 832 464 832 0
w 416 896 464 896 0
w 464 864 448 864 0
r 448 864 448 784 0 10000
R 448 784 448 752 0 0 40 9 0 0 0.5
g 416 864 384 864 0 0
w 608 576 608 784 0
w 608 784 560 784 0
w 560 784 560 832 0
r 416 896 288 896 0 10000
r 288 976 576 976 0 10000
w 576 976 576 864 0
w 288 896 288 976 0
R 288 896 256 896 0 1 100 1 0 0 0.5
a 640 880 720 880 8 15 -15 1000000 -0.00000659888964124683 0 100000
g 640 896 640 912 0 0
r 640 816 720 816 0 24000
w 720 816 720 880 0
w 640 816 640 864 0
w 640 864 576 864 0
r 720 880 768 880 0 1000
g 768 880 768 912 0 0
34 zener-4.7 1 1.7143528192810002e-7 0 2.0000000000000084 4.7 1
z 480 592 528 592 2 zener-4.7
z 560 592 528 592 2 zener-4.7
w 480 640 480 592 0
w 560 592 560 640 0
S 480 512 432 512 0 1 false 0 2
R 368 496 336 496 0 1 9 0.5 1 0 0.5
c 368 496 432 496 0 0.000001 0.9812036523985078 0.001
r 432 496 432 448 0 470000
g 432 448 432 416 0 0
o 32 32 0 4107 0.625 0.00009765625 0 2 32 3
o 63 16 0 12291 1.5309734151606342 0.0015309734151606343 1 2 63 3
o 35 16 0 xc1013 20 0.0015625 2 2 1 1 0 0 35 3 0.0005 0
38 36 F1 0 1 50000 -1 Depth
38 42 F1 0 950 1050 -1 Resistance
