$ 1 0.0000078125 382.76258214399064 50 5 43 5e-11
j 336 176 384 176 32 -0.75 0.00125
R 384 80 384 48 0 0 40 9 0 0 0.5
r 384 80 384 160 0 11000
g 384 256 384 304 0 0
r 528 224 528 160 0 1000000
r 384 256 384 192 0 4700
c 448 160 384 160 0 2.2000000000000003e-9 -8.988404693557216 0.001
c 176 176 240 176 0 0.000001 -0.004811882897463482 0.001
174 432 192 448 240 1 20000 0.0347 Resistance
g 432 256 432 304 0 0
w 464 224 448 224 0
211 528 160 608 160 0 10 16000 1
g 528 224 528 256 0 0
w 448 160 528 160 0
r 240 176 288 176 0 24000
g 336 288 336 304 0 0
r 336 176 336 288 0 24000
c 288 176 288 288 0 1e-9 -0.24219269912271038 0.001
g 288 288 288 304 0 0
w 288 176 336 176 0
g 256 704 256 720 0 0
c 256 656 256 704 0 0.000001 1.1112571087967265 0.001
r 256 576 336 576 0 470000
r 256 576 256 656 0 220000
a 256 528 336 528 9 15 0 1000000 1.2421525685771568 1.2420927865058469 100000
g 144 464 112 464 0 0
c 224 464 144 464 0 0.000047 2.181423830139286 0.001
g 272 432 272 448 0 0
174 176 432 256 464 1 10000 0.7574000000000001 Resistance
c -96 512 -16 512 0 0.000001 4.401646075404031 0.001
R -448 480 -496 480 0 0 40 4.5 0 0 0.5
R -160 528 -208 528 0 0 40 4.5 0 0 0.5
r 224 464 224 512 0 1000000
r 96 512 224 512 0 1000000
w 336 528 400 528 0
w 336 576 336 528 0
w 256 544 256 576 0
w 224 512 256 512 0
R 176 432 176 384 0 0 40 9 0 0 0.5
a -448 496 -384 496 8 9 0 1000000 4.5 3.6463198513371444 100000
a -160 512 -96 512 8 9 0 1000000 4.499978636278724 4.5 100000
w -464 512 -448 512 0
w -176 496 -160 496 0
r -16 512 32 512 0 470000
g 64 592 64 624 0 0
w 64 512 96 512 0
w 32 512 64 512 0
w 64 592 96 592 0
w 32 592 64 592 0
r 96 512 96 592 0 100000
d 64 512 64 592 2 1N4148
d 32 592 32 512 2 1N4148
w -272 464 -272 496 0
w -304 464 -272 464 0
w -176 464 -176 496 0
w -272 496 -176 496 0
w -304 464 -304 480 0
r -336 496 -384 496 0 52000
w -464 560 -384 560 0
w -464 512 -464 560 0
w -96 560 -96 512 0
w -160 560 -96 560 0
r -384 560 -160 560 0 8200
r -384 496 -384 560 0 10000
w -96 464 -96 512 0
c -176 464 -96 464 0 4.7000000000000005e-7 -2.1363934912914875 0.001
174 -336 496 -272 496 1 500000 0.005 Resistance
w 464 224 464 528 0
w 464 528 400 528 0
R 176 176 128 176 0 1 600 0.5 0 0 0.5
r 384 192 432 192 0 2400
o 11 128 0 4099 1.25 0.1 0 1
