$ 1 0.0000078125 382.76258214399064 50 5 43 5e-11
R 464 224 496 224 0 1 4 1 1 0 0.5
j 336 176 384 176 32 -0.75 0.00125
R 384 80 384 48 0 0 40 9 0 0 0.5
r 384 80 384 160 0 11000
g 384 256 384 304 0 0
r 528 224 528 160 0 1000000
r 384 256 384 192 0 2000
c 448 160 384 160 0 2.2000000000000003e-9 -8.221896177163027 0.001
c 176 176 240 176 0 1.0000000000000001e-7 -0.008875999658838354 0.001
174 432 192 448 240 1 20000 0.46040000000000003 Resistance
g 432 256 432 304 0 0
r 384 192 432 192 0 1000
w 464 224 448 224 0
211 528 160 608 160 0 10 16000 1
g 528 224 528 256 0 0
w 448 160 528 160 0
r 240 176 288 176 0 24000
g 336 288 336 304 0 0
r 336 176 336 288 0 24000
c 288 176 288 288 0 2.2e-10 0.023926370797611663 0.001
g 288 288 288 304 0 0
w 288 176 336 176 0
411 176 176 128 176 0 1 40 5 0 0 0.5 0.7000000000000001 0 1
o 13 256 0 4099 1.1760134915288067 0.0001 0 1
