$ 1 0.000005 1.3241202019156522 63 5 43 5e-11
r 256 128 256 224 0 5000000
r 256 128 320 128 0 10000
a 256 240 352 240 9 9 0 1000000 2.3818477334280947 2.3818302256539177 100000
d 256 320 352 320 2 1N4148
d 304 352 256 352 2 1N4148
174 256 416 352 432 1 20000 0.9950000000000001 Resistance
r 256 416 256 480 0 1000
c 256 480 256 528 0 3.3000000000000004e-8 2.3558874417099456 0.001
g 256 528 256 544 0 0
w 256 256 256 320 0
w 256 320 256 352 0
w 256 352 256 384 0
w 256 384 256 416 0
w 352 352 352 384 0
w 352 384 352 416 0
R 320 128 320 64 0 0 40 9 0 0 0.5
c 352 240 416 240 0 0.000001 2.018296369594997 0.001
w 304 432 304 448 0
w 304 448 352 448 0
w 352 448 352 416 0
174 416 240 512 272 1 10000 0.005 Resistance
c 464 272 464 320 0 2.2000000000000002e-8 0.729588031776769 0.001
g 464 320 464 352 0 0
174 560 304 608 256 1 100000 0.8267000000000001 Resistance
w 512 240 560 240 0
g 560 304 560 352 0 0
r 608 272 656 272 0 100000
g 656 272 688 272 0 0
c 256 224 192 224 0 4.7000000000000005e-7 1.810862498441681 0.001
r 192 224 128 224 0 100000
R 128 224 96 224 0 3 800 0.25 0.25 0 0.5
162 352 352 304 352 2 1N34 1 0 0 0.01
c 208 144 208 176 0 0.000047 7.930215549833783 0.001
r 208 144 208 128 0 0.01
r 320 128 320 144 0 0.01
c 320 144 320 176 0 0.000047 9 0.001
g 320 176 320 192 0 0
g 208 176 208 192 0 0
w 208 128 256 128 0
R 416 304 448 304 0 0 40 9 0 0 0.5
t 448 464 480 464 0 1 0 0 100 default
r 416 304 384 304 0 1000
w 352 320 352 240 0
s 304 336 352 336 0 0 false
w 352 320 352 336 0
w 352 336 352 352 0
w 304 336 304 352 0
o 26 1 0 12291 0.47881588844730405 0.0001 0 2 26 3
