$ 1 0.000005 5.934295036739208 63 5 43 5e-11
r -128 144 -80 144 0 1000
34 zener-4.7 1 1.7143528192810002e-7 0 2.0000000000000084 4.7 1
z -80 192 -80 144 2 zener-4.7
c -48 192 -48 144 0 1.0000000000000001e-7 -4.696120255809584 0.001
r -48 144 0 144 0 10000
c 0 144 0 192 0 0.00008199999999999999 4.692970099051555 0.001
w 0 144 64 144 0
w 64 144 64 288 0
w -80 144 -48 144 0
g -80 192 -80 208 0 0
g -48 192 -48 208 0 0
g 0 192 0 208 0 0
R -128 144 -128 80 0 0 40 9 0 0 0.5
r -48 320 0 320 0 10000
c 0 320 32 320 0 0.000001 -4.687344566215633 0.001
g 96 336 96 368 0 0
R 96 144 96 80 0 0 40 9 0 0 0.5
w 96 144 96 272 0
c 128 144 128 192 0 1.0000000000000001e-7 9 0.001
g 128 192 128 208 0 0
r 96 144 128 144 0 0.01
w 32 320 64 320 0
w 32 320 32 416 0
d 32 416 80 416 2 1N4148
t 128 416 160 416 0 1 -2.884956081636073 0.6758353892308753 520 default
162 160 352 160 400 2 default-led 1 0 0 0.01
R 160 352 160 320 0 0 40 9 0 0 0.5
w 144 304 224 304 0
w 160 432 224 432 0
r 128 416 128 384 0 470000
w 128 416 80 416 0
s 128 384 128 352 0 0 false
w 128 352 160 352 0
r 128 496 224 496 0 24000
d 128 496 80 496 2 1N4148
w 32 416 32 496 0
w 224 432 224 304 0
c 32 544 224 544 0 1e-10 1.115885752612206 0.001
r 32 592 128 592 0 10000
174 128 592 208 592 1 50000 0.9851000000000001 Drive
w 176 576 224 576 0
w 224 576 224 592 0
w 32 544 32 592 0
w 32 544 32 496 0
w 224 544 224 496 0
w 224 544 224 576 0
c 224 304 288 304 0 1.0000000000000001e-7 4.398923916750517 0.001
R -48 320 -96 320 0 1 550 0.55 0 0 0.5
s 128 464 224 464 0 1 false
w 224 432 224 464 0
w 224 464 224 496 0
w 128 464 128 496 0
174 288 304 352 320 1 10000 0.005 Resistance
c 320 320 320 352 0 2.2000000000000002e-8 -0.8200913364718007 0.001
g 320 352 320 368 0 0
174 416 304 448 368 1 100000 0.005 Resistance
g 416 368 416 384 0 0
w 352 304 416 304 0
r 448 336 512 336 0 50000
g 512 336 512 384 0 0
a 64 304 144 304 9 15 -15 1000000 4.692934328565795 4.692970099051555 100000
w 80 496 32 496 0
r 352 304 352 368 0 10000
g 352 368 352 400 0 0
o 57 8 0 12290 0.4541049606281266 0.0001 0 2 57 3
